2
29 27
-10 -86 8
-10 -91 11
-194 25 9
-190 151 6
32 -232 6
-215 -21 5
-182 149 4
216 242 8
-1 125 7
-142 -97 15
-73 -176 14
-13 -87 1
-143 -59 10
-9 -85 10
-213 98 11
-220 94 15
-104 -114 15
64 209 15
-7 127 7
144 -95 11
-140 -57 14
238 92 5
118 -142 5
-102 -124 7
-10 125 9
-233 80 13
-137 -102 10
-209 -16 8
209 242 15
7
-215 -15
214 242
-123 89
-218 -108
-103 -120
235 34
21 168
-7 126
-70 -173
-142 -58
-199 21
32 -225
78 -193
-10 -85
153 -243
-137 223
241 94
145 -95
-217 95
-138 -98
-27 -147
-184 111
126 -145
118 -139
61 204
-185 152
-238 77
27 32
206 -128 3
86 233 3
212 195 3
-206 -164 13
90 -66 5
200 -127 15
123 249 3
-204 -163 15
-191 151 5
-176 53 3
-23 179 6
-206 -168 7
-159 243 6
-223 59 7
-22 174 5
-76 231 10
20 -116 9
104 -97 3
-113 -223 5
107 -90 1
47 213 13
29 133 14
108 -96 5
-18 180 3
91 -64 15
86 225 5
5 -125 8
99
-175 48
156 -85
94 -253
-243 -142
-164 128
91 -64
-163 243
-188 -31
-20 174
-242 -151
102 -93
-19 188
-134 31
45 214
120 253
1 -127
157 -203
-72 230
22 -117
83 -226
-114 -224
-208 45
26 137
-192 145
86 226
-65 126
208 190
-204 -164
-51 50
-226 65
204 -122
184 224