7
29 27
-10 -86 8
-10 -91 11
-194 25 9
-190 151 6
32 -232 6
-215 -21 5
-182 149 4
216 242 8
-1 125 7
-142 -97 15
-73 -176 14
-13 -87 1
-143 -59 10
-9 -85 10
-213 98 11
-220 94 15
-104 -114 15
64 209 15
-7 127 7
144 -95 11
-140 -57 14
238 92 5
118 -142 5
-102 -124 7
-10 125 9
-233 80 13
-137 -102 10
-209 -16 8
209 242 15
7
-215 -15
214 242
-123 89
-218 -108
-103 -120
235 34
21 168
-7 126
-70 -173
-142 -58
-199 21
32 -225
78 -193
-10 -85
153 -243
-137 223
241 94
145 -95
-217 95
-138 -98
-27 -147
-184 111
126 -145
118 -139
61 204
-185 152
-238 77
27 32
206 -128 3
86 233 3
212 195 3
-206 -164 13
90 -66 5
200 -127 15
123 249 3
-204 -163 15
-191 151 5
-176 53 3
-23 179 6
-206 -168 7
-159 243 6
-223 59 7
-22 174 5
-76 231 10
20 -116 9
104 -97 3
-113 -223 5
107 -90 1
47 213 13
29 133 14
108 -96 5
-18 180 3
91 -64 15
86 225 5
5 -125 8
99
-175 48
156 -85
94 -253
-243 -142
-164 128
91 -64
-163 243
-188 -31
-20 174
-242 -151
102 -93
-19 188
-134 31
45 214
120 253
1 -127
157 -203
-72 230
22 -117
83 -226
-114 -224
-208 45
26 137
-192 145
86 226
-65 126
208 190
-204 -164
-51 50
-226 65
204 -122
184 224
31 30
-63 -203 10
195 -172 3
36 212 11
81 -203 12
-245 -116 1
-33 -129 12
-195 -44 13
51 154 3
-76 -116 8
140 163 11
-45 -131 7
-38 22 2
44 -53 8
91 -136 7
-77 -115 11
-202 244 9
40 209 13
-42 -127 2
36 215 7
-93 187 8
-58 -206 13
-33 18 8
39 -57 6
247 -134 10
30 193 12
35 -52 6
-202 241 3
-38 -127 5
-237 121 5
-206 240 2
-34 -136 11
21
30 -246
-38 -131
96 -140
249 -139
88 101
-200 239
-93 -14
190 -171
25 196
39 -53
-97 185
56 158
146 -242
-59 -206
83 -206
36 209
-33 25
-100 215
-105 26
120 -136
-241 121
-104 39
145 209
229 230
111 246
143 158
-74 -117
-111 153
-189 -47
-245 -118
29 28
-94 240 9
-131 -42 6
-46 -190 8
-97 239 14
-159 -177 10
-208 171 15
-125 -249 5
-102 160 5
-209 170 7
-81 231 13
97 -40 7
-214 167 5
95 -41 7
-116 -246 6
-204 165 6
95 -35 4
-120 -243 4
-114 -248 11
-219 31 7
-158 -175 3
-80 235 1
100 -19 8
-211 169 1
36 28 15
-80 231 13
-254 224 7
-158 -168 14
-117 -246 6
-217 34 6
46
0 -141
-88 152
-80 235
-71 -65
-242 -52
-208 165
101 -38
58 -246
-253 221
-17 107
110 39
226 74
-160 -172
-86 -240
-131 -37
-47 82
103 -242
240 -11
-216 28
247 231
99 -16
-91 240
37 29
19 -144
-126 -97
-108 159
-46 -190
-119 -246
27 28
-134 -129 13
-183 148 4
-211 36 12
-207 35 15
-133 -123 1
96 117 13
-185 203 12
250 -224 5
-137 185 4
92 123 12
-140 46 13
-172 2 4
232 -12 9
-124 -254 12
28 180 8
-138 161 15
-141 46 6
-53 -34 3
-138 48 10
0 101 4
249 -232 15
111 117 7
-123 -250 7
-205 41 8
-136 179 14
-41 172 6
-254 110 6
36
-141 48
163 -195
-137 -127
112 -131
107 119
-136 166
-206 35
-187 144
-16 115
-133 180
-199 70
-250 110
0 100
-41 166
-113 136
-72 -80
61 -24
-183 197
-124 -253
247 -228
-166 0
235 -18
-112 -179
-56 -30
28 181
-138 45
-62 -95
89 117
29 36
144 -95 11
78 -200 6
-209 -16 8
-141 224 15
-136 -97 14
-187 112 3
-138 222 10
61 201 1
25 169 15
-213 98 11
-142 -98 9
-13 -88 14
-233 80 13
168 -7 8
-213 95 3
-220 94 15
-215 -21 5
113 102 15
61 205 7
156 -247 1
-136 219 10
51 191 9
126 -148 5
108 100 7
21 162 11
-141 223 2
-189 110 6
-183 113 10
209 242 15
47
154 -248
110 97
-137 223
166 -7
126 -111
145 -224
-10 -85
-27 -147
-121 2
-184 111
235 34
-7 126
32 -225
-70 -173
78 -193
153 -243
126 -145
67 245
-217 -124
-142 -58
-103 -120
-185 152
145 -95
54 192
21 168
-199 21
-238 77
-123 89
118 -139
61 204
-138 -98
241 94
-218 -108
-217 95
-215 -15
214 242
32 43
-159 243 6
-217 227 15
152 -131 3
-131 -49 3
-45 -72 15
-78 -168 5
94 -254 5
-113 -220 13
-217 219 4
210 -126 3
-227 -33 7
-176 53 3
-136 -233 5
211 186 3
-102 111 8
212 -116 9
137 20 9
-3 -248 14
-137 -240 6
-21 189 9
-18 194 14
140 20 1
141 14 5
-191 -31 4
204 191 5
-141 -49 12
-118 -223 10
-210 41 7
248 65 3
-163 -82 6
-166 240 12
102 -93 15
144
-36 24
184 224
-114 -224
-137 -48
-188 -31
83 -226
208 -120
149 -127
135 17
115 -216
-46 -71
244 60
-164 128
208 190
-157 -82
-217 226
-204 -164
-137 -234
-19 188
-39 75
-76 -168
-102 105
-188 216
-235 -160
156 -85
193 -204
-208 45
-230 -27
117 -149
-223 36
-163 243
-144 39
-225 240
-113 -115
1 -127
-243 -142
45 214
204 -122
-97 -51
102 -93
94 -253
-175 48
-6 -244