3
114 109
-28 -15
4 1
6 11
15 -29
16 -25
17 -9
-4 -22
31 23
-18 26
7 -21
-17 -10
-30 -26
-8 15
-20 28
9 -1
-27 -13
-6 -24
-31 20
-2 -2
2 -24
-16 -19
19 22
25 -16
-18 8
-27 20
18 17
2 19
21 14
-11 -24
-14 27
22 -12
-24 9
31 26
-19 -10
23 -24
-25 3
-23 -12
23 -30
-10 18
-13 -26
-11 2
23 -5
4 -3
-27 9
-9 -3
28 -1
3 -3
-6 -31
-19 0
-5 -3
-9 22
-9 -15
-3 -11
-21 13
24 16
17 30
-22 0
31 25
10 -20
30 -10
4 -8
21 18
-31 -11
20 7
26 -19
-5 -10
-27 -28
-16 6
31 -17
3 13
-27 0
-24 22
-4 -23
-20 0
-14 -23
28 20
-13 1
-16 10
-19 8
-30 1
-17 16
-20 -14
-13 10
-16 -9
16 22
30 -16
10 -11
12 20
26 23
-12 3
10 -13
2 24
19 5
22 -26
0 -4
-26 -30
23 28
25 -18
7 -17
6 -30
25 -17
5 11
25 6
-22 7
16 4
-9 16
-7 -23
-20 -10
4 6
30 10
-17 17
0 19
-3 10
-12 27
-23 30 -6 -16 -1 -25 12 -24 30 27 25 28
-28 -28 25 -28 29 0 -14 28 -28 0 -20 17
21 4 -15 -28 -2 11 5 15 -13 -2 -5 9
-19 -22 -26 -9 -1 -6 3 8 -29 3 -3 18
-18 -23 2 -11 13 0 26 29 -11 -12 6 11
-22 15 -19 -15 4 -30 -17 -29 10 21 31 -2
19 -19 -17 -22 25 0 23 21 -29 2 -28 6
-5 -10 -26 0 11 14 7 16 -1 19 -25 24
17 -27 -2 -29 18 20 20 -19 3 25 -22 -29
-27 -21 -7 -28 0 -29 29 -20 -25 13 14 18
-26 -30 1 -24 14 -14 28 10 -23 23 -19 29
-29 12 -16 -11 18 -28 15 -5 -6 15 -4 14
7 -22 23 -5 29 23 14 25 2 8 -10 -11
-26 22 -12 -22 31 -25 29 0 -16 20 -21 22
-14 -12 11 -11 -7 22 -3 21 -22 8 -25 -5
-12 -14 25 -21 -3 31 12 9 -9 8 -5 28
5 -13 0 -14 27 2 30 23 25 22 -31 -13
-15 -25 -22 -31 3 -7 -4 -2 -28 2 -27 12
-28 19 -6 -9 0 -6 3 7 -15 26 2 15
16 -23 -15 0 13 -8 0 20 -23 12 -3 21
-29 -14 -9 -29 -8 -29 17 6 -22 11 -3 12
-13 -28 -29 2 9 -11 15 25 1 29 -15 17
1 1 -28 10 9 -1 26 9 -1 26 31 24
19 -25 4 -21 22 -12 -7 15 -31 -4 -22 12
-10 -2 22 13 10 31 27 23 -25 6 -15 25
-10 -25 -14 -19 27 15 29 -23 22 28 -8 -6
19 -9 9 -14 4 15 -11 20 -21 3 -21 -13
-21 -1 -6 -23 22 -29 18 7 15 20 14 21
-7 -9 19 -12 17 26 27 14 -1 22 -19 14
-28 16 27 -14 18 21 25 13 -21 20 9 24
3 -11 -18 16 11 -21 23 19 14 30 -20 23
-12 -7 0 0 9 10 -17 30 -24 -1 -23 17
-14 9 -21 18 22 3 8 -2 7 12 -23 25
-8 -7 3 -8 29 17 17 5 0 29 -24 26
0 -11 -19 7 25 10 18 -12 29 30 -29 30
26 -18 -10 -25 26 26 22 29 -9 16 -25 0
-12 -20 -31 -17 15 -5 19 8 -4 27 -27 28
14 -8 0 -23 20 19 30 16 -5 22 -5 -13
-13 -30 -26 0 -3 -28 17 -18 3 16 28 7
-12 -19 8 -30 28 9 16 -25 -20 -2 21 15
2 -24 -1 -26 19 8 0 22 -26 -14 -14 17
-31 -28 12 -18 21 -11 14 26 -28 -4 -22 12
-27 9 10 -22 18 -5 14 -15 23 25 -30 19
12 -21 -16 11 30 14 29 -17 0 23 -25 28
-15 -21 17 3 7 24 23 30 -24 -23 -20 -1
0 -1 -24 -12 25 16 21 29 -8 25 -22 -5
2 -25 -15 -21 24 -1 31 14 -20 9 19 22
-12 -30 -23 -30 2 -26 19 -10 -11 21 26 25
-19 10 4 -15 21 2 18 8 5 30 -17 23
-19 -18 11 -28 27 31 21 -2 -26 4 -13 13
-7 -28 -23 -18 8 23 17 15 -26 -13 -26 23
-25 -25 -26 9 -4 -13 27 22 11 20 0 17
-7 -30 7 -17 21 8 0 21 -4 7 -12 -28
-22 -19 2 -6 5 -4 8 5 10 14 -7 0
-9 9 -19 24 24 -16 20 -31 5 10 -15 27
-30 1 -1 1 29 19 29 18 -22 13 -1 22
19 -27 -5 -30 28 -22 23 2 -23 -28 -4 -1
-29 20 -12 0 11 -13 4 -10 28 -14 -11 12
-16 -10 15 -21 29 -10 26 9 -9 21 -20 11
-17 -7 25 -23 7 10 -5 29 -22 26 -31 12
-24 -19 21 0 -4 25 11 20 -26 -18 -7 23
0 -5 10 -21 22 -28 16 -13 -10 15 -2 27
-25 15 5 -22 30 -19 30 -26 5 12 28 -11
-7 -13 -23 -12 2 31 24 26 -22 12 -17 16
-9 -16 0 -23 30 -16 -8 19 -27 31 -28 27
9 -5 29 24 0 11 17 25 -7 3 -8 -13
26 -16 18 -30 28 28 31 -6 8 3 -6 -22
2 -16 29 -31 10 31 21 6 -8 -7 5 27
-25 -19 -26 11 24 24 2 -30 -20 20 0 27
-10 -10 10 -25 27 10 23 -26 -25 2 8 13
-21 0 -28 14 19 12 25 23 13 28 -18 26
-14 11 -17 20 16 -20 -5 -10 21 16 11 23
-27 -21 28 -26 22 25 27 15 -30 5 -4 31
-5 0 11 -18 27 -29 24 27 -13 21 -3 24
11 -28 -21 -29 28 20 28 25 -27 -8 7 16
-24 -27 -31 9 -12 -23 23 -9 25 3 20 14
-19 -12 10 -31 24 -18 30 16 -27 -2 -14 29
-26 -1 -9 -24 28 5 0 -21 -7 12 -25 2
11 -15 -8 -27 19 29 14 -8 -5 18 -31 1
-23 -1 -15 -14 23 19 16 -3 -21 18 -27 11
11 14 3 -11 11 27 -24 20 -27 -19 -25 17
10 -3 -14 -9 20 8 19 29 -7 11 -23 -1
-22 16 14 -22 31 -15 26 -30 13 20 -21 17
-25 -23 -31 -13 12 21 5 4 -17 9 0 27
9 -10 -1 -26 10 11 16 8 -27 15 -30 -27
-29 13 -24 -1 21 -11 28 -6 -25 19 -7 13
28 -19 7 -24 28 1 5 11 -10 -1 -6 8
-11 -21 -30 -4 -2 -27 4 10 -16 23 -31 11
23 -13 18 -10 27 -1 3 27 -12 10 -12 16
22 -20 30 5 7 18 15 17 -10 -17 -4 19
4 -31 -23 -10 17 -23 18 -17 -18 31 -26 22
-22 -11 -29 -1 3 9 1 -2 1 21 -11 14
-21 -9 8 -10 17 -6 4 14 -8 25 -25 8
-1 3 5 -5 10 -8 24 -5 31 10 18 24
-28 6 -26 -23 7 -11 31 0 -21 14 -14 17
-13 -23 -7 -20 -13 25 -12 22 -30 -22 -17 28
26 -13 -16 -27 19 12 9 24 3 23 -5 13
20 -12 -4 -22 21 0 8 22 -2 15 0 31
18 -7 23 -3 26 12 16 15 -15 -28 -15 6
-16 -2 22 -1 17 24 -6 30 -16 29 -29 18
-14 -31 -21 2 27 -18 27 -24 25 9 -20 7
11 -13 0 8 16 -7 24 28 14 28 2 12
-9 -25 -23 -12 30 -28 24 26 -20 0 -8 28
-2 1 -11 23 31 24 4 -9 -8 26 25 26
-6 -20 -13 3 4 12 -4 -14 3 22 -9 19
-29 -29 -30 5 31 -11 16 -21 19 29 -29 24
16 -28 25 -23 26 14 29 4 1 -14 4 9
-26 12 0 -25 15 0 24 -15 -8 26 -13 30
-1 -17 -17 -12 29 15 7 -11 1 13 -19 7
131 119
-5 25
-7 -29
-14 20
-29 -5
26 -13
-14 12
0 -12
16 20
-17 -8
-14 -30
-10 3
19 -21
6 19
-28 -31
-21 -11
8 -16
-28 -26
-22 -24
21 -10
11 -29
31 -7
12 -21
23 -1
-30 14
8 9
-19 -8
15 -26
20 18
10 11
-23 16
-2 -7
24 -5
-30 23
23 -16
-27 21
-6 24
-23 -26
-6 3
-29 7
-11 24
-13 25
22 13
10 14
19 0
22 -20
-8 13
-30 -1
26 -21
4 10
-20 -2
-10 -16
2 1
-14 30
14 24
2 -6
6 -28
16 -4
-26 21
12 -23
-7 16
-24 -30
15 -12
-6 -11
-22 -22
-19 15
-31 19
31 28
18 -2
31 13
-13 -9
13 29
-10 25
26 5
4 27
12 27
13 -10
5 9
-19 -31
27 -4
-10 4
18 21
13 26
-6 -7
8 -1
-11 19
31 30
11 -4
26 -15
-2 24
13 -26
-19 -20
22 6
26 17
28 -9
-21 30
-11 -30
11 -12
1 0
21 -29
27 -15
29 -12
-27 5
10 -26
-25 2
-15 -27
-23 -11
-21 -22
-27 18
11 -27
-4 -28
-27 31
24 -7
-20 -6
-19 -25
9 3
-28 23
-11 -25
-5 -14
0 7
-14 -6
6 26
29 0
-30 -14
-18 1
-10 21
29 -23
0 -4
-18 23
-25 14
18 -1
17 11
5 -5 27 17 30 23 0 30 -8 30 -27 4
1 -13 25 1 25 12 24 24 5 26 -23 -17
8 -31 -21 -23 30 22 5 31 -18 14 -6 30
14 9 -17 -23 17 20 10 28 -30 -28 -29 14
-28 -17 7 -25 12 -25 22 7 26 21 -29 31
-7 -15 -16 -26 4 31 0 9 -21 -16 -11 4
-4 -30 13 15 6 10 11 18 -3 -6 -4 -29
-16 7 -2 -26 26 -23 27 -29 -2 22 -20 26
-23 2 10 -24 22 -19 23 -13 25 0 -24 21
12 3 -14 -4 8 16 -1 28 -15 20 -20 8
-19 -23 -11 -25 12 -20 27 0 19 6 -17 -17
-26 24 -17 -31 25 11 18 0 -20 25 -8 23
11 -26 -20 -19 29 -30 22 6 -15 29 -31 26
-13 -30 -21 1 8 -23 21 0 -26 21 -16 19
-30 -16 -31 -3 -2 -14 26 7 11 25 -24 14
-12 -16 -20 -4 13 -5 -3 -21 21 10 -28 12
-19 -7 -18 -31 19 -30 30 3 -15 26 16 14
-21 -17 -13 -28 -9 0 -8 -25 -27 -7 -14 24
-28 9 -14 -25 21 -8 4 -22 20 15 -14 28
2 -18 -9 -7 7 -14 0 -2 -18 26 -18 28
-31 22 -20 -14 -13 -26 15 22 -28 23 3 25
6 -31 -17 -20 5 14 0 18 -30 19 -4 19
-25 15 -21 11 12 -15 23 -17 -1 16 20 -4
-24 -15 -26 10 27 -8 0 -28 -13 17 28 -1
-27 30 -24 -18 15 -26 12 -29 30 23 -20 31
18 -1 24 2 5 12 -7 17 -31 -21 -31 0
4 -28 -22 -13 24 -25 30 -10 21 22 0 13
28 -18 -7 -13 26 -3 3 26 -12 23 -12 12
-9 -11 -10 -1 4 -30 29 5 -9 16 8 21
15 -27 -20 -20 22 18 17 -21 16 21 -12 8
23 -5 -12 5 27 21 25 4 15 29 -21 18
-16 -22 -18 -22 31 -3 -6 19 -21 -4 -15 9
22 -22 -8 -8 21 -3 19 1 -5 21 -31 16
-6 -23 23 12 13 24 11 22 -20 -29 -18 -11
-25 -28 -1 -10 0 9 0 -6 -26 9 -13 30
-24 -19 2 -20 0 20 13 14 -29 3 -16 22
-19 -21 -14 -24 19 -10 28 7 -20 -10 13 15
-17 -8 -30 14 21 30 9 10 -28 18 -12 22
-3 -30 -14 -7 25 -21 19 -24 -7 16 14 9
-11 -13 -19 0 19 10 14 -14 -29 22 -14 27
-28 -10 -10 -24 12 -9 23 15 10 26 -25 -1
-29 -14 -31 18 3 -18 -4 -18 -5 27 2 6
-18 1 19 -9 27 -7 22 15 10 29 -25 18
-19 16 2 -12 16 9 27 -25 -20 19 -20 21
-15 -27 -28 -24 21 -10 12 16 -21 2 -13 12
-27 -30 -28 -27 17 -16 12 25 -16 30 -26 0
11 -22 0 -27 13 -14 3 25 -4 4 -3 9
-17 -28 -19 22 5 -24 12 0 -16 24 4 8
-8 -19 2 -22 27 -24 23 -7 -31 -10 -26 24
-18 16 -22 27 18 -12 0 -14 24 -9 -9 21
-29 -23 -21 -21 -6 2 -5 28 -31 -18 -28 17
-26 -22 -31 -13 24 -13 4 -31 24 9 31 -3
10 -10 17 -10 19 29 30 23 -20 23 -12 31
-18 -13 10 -3 3 8 15 10 -30 -9 -27 -3
31 19 27 -12 17 26 -14 18 -30 -21 -30 6
-17 -30 -3 -30 26 -25 27 0 12 30 -31 -2
13 -16 5 -7 15 -16 21 -6 0 27 18 12
-28 -14 -31 -11 11 0 -5 -31 -19 31 7 7
27 -26 -6 -18 -8 29 19 16 -30 -1 -26 19
5 -31 -16 -27 14 27 13 30 -26 28 -30 -23
-26 -28 23 -19 30 -8 17 25 0 31 -31 -10
-6 -23 24 -22 22 -16 26 -21 -27 -10 -9 6
-22 14 -20 0 -8 -13 -15 -8 29 -13 0 8
19 -10 -16 -30 29 6 27 15 -26 -22 15 22
4 -18 -2 26 7 -23 12 -19 15 25 17 17
4 -15 -17 -2 8 -17 8 5 -23 21 -25 13
-17 2 -5 -26 17 -16 31 -6 -19 16 18 17
-15 -13 -3 -26 6 -2 20 -30 -20 -5 -7 17
-21 -23 -27 -24 0 -11 17 15 -10 6 12 26
4 -10 0 -13 19 22 -5 24 -31 -6 -31 -15
13 -4 0 -29 18 25 14 29 -16 -24 5 28
-9 -12 -15 -5 8 2 9 20 6 29 -19 4
-18 -17 -31 -12 -10 -6 -19 26 -22 26 -30 18
-2 -14 -6 6 7 -24 14 -11 14 26 27 31
-23 -27 -5 -31 -1 1 6 -27 -16 -12 -23 -24
-11 0 9 -31 12 -28 24 14 -1 25 -22 21
-31 -22 -24 -28 -19 -28 24 -2 6 3 23 12
15 -18 -10 -25 25 14 27 -6 -27 -28 -8 1
-1 -27 -23 -3 15 -25 4 -29 -3 31 -25 29
10 -12 4 -16 19 19 29 13 -17 -13 10 12
-25 -30 -27 -17 -3 -31 20 -6 -24 31 19 -5
0 -10 30 28 28 28 0 25 -6 20 -22 -24
-25 -12 -20 -26 1 -19 14 -5 -26 20 2 8
0 -18 -28 -5 0 24 6 -17 -23 10 -6 21
29 -21 2 -23 31 14 28 21 -6 -22 17 31
-30 7 -12 -7 20 -22 26 7 25 13 -29 20
25 -5 -16 -27 8 18 22 0 -25 -7 -6 12
-25 -15 7 -27 31 -25 31 24 -3 31 -10 29
-23 -23 -6 -31 30 -23 31 -11 29 -9 -9 -7
-23 -31 13 -15 -3 17 30 18 -28 -24 -17 -3
15 -29 -28 -6 18 12 17 -17 4 25 -18 5
-6 3 11 -24 18 5 21 -8 -6 11 5 18
-30 -5 -25 -27 1 -15 1 -26 -5 23 -22 18
-25 -5 18 -30 8 16 20 0 -16 24 -23 23
-22 -19 -4 -13 29 4 -21 10 -29 -7 -27 2
8 -18 -18 12 21 -20 21 4 2 18 19 10
-7 -29 18 -31 24 -20 30 13 -11 -6 -3 5
-24 -10 -15 -26 -8 16 -1 -31 -29 4 -29 14
-20 -22 26 -18 31 3 26 24 -9 23 -21 -8
-24 4 -1 -26 21 -17 9 -28 30 11 11 12
22 -21 -4 -19 29 -20 24 -6 12 17 -20 4
-23 -20 -21 -25 25 -2 22 -10 25 25 13 20
-18 21 -15 11 15 2 14 -11 -7 24 -16 30
-20 2 -27 8 25 3 24 -4 9 20 -22 25
0 -16 8 -25 10 -25 10 -21 -23 23 -3 7
-23 13 -24 20 -4 -27 25 5 23 15 11 31
8 -11 0 -2 26 -20 19 6 14 16 -28 30
-29 10 -15 -12 -5 -19 31 -14 30 -6 7 12
-8 -20 -25 3 0 6 -3 -25 -18 21 -23 15
-6 -25 -21 -30 0 -14 -12 11 -22 5 -25 -4
-25 -8 13 -26 28 0 27 12 22 25 0 16
4 -24 22 -9 26 7 26 11 -13 -26 12 11
17 -21 -1 -24 -1 20 28 -15 -16 -13 -12 -1
-13 -24 -20 -6 -8 -29 29 2 -13 26 7 24
-11 -23 -10 -29 18 24 14 1 -13 -1 -1 19
8 -1 7 1 21 14 18 -17 8 22 3 19
14 -31 0 -23 15 -6 29 -16 -17 5 -25 1
27 -4 15 -18 15 24 27 14 -29 -22 3 23
-15 -16 11 -7 16 6 16 7 -19 4 -2 27
131 119
-5 25
-7 -29
-14 20
-29 -5
26 -13
-14 12
0 -12
16 20
-17 -8
-14 -30
-10 3
19 -21
6 19
-28 -31
-21 -11
8 -16
-28 -26
-22 -24
21 -10
11 -29
31 -7
12 -21
23 -1
-30 14
8 9
-19 -8
15 -26
20 18
10 11
-23 16
-2 -7
24 -5
-30 23
23 -16
-27 21
-6 24
-23 -26
-6 3
-29 7
-11 24
-13 25
22 13
10 14
19 0
22 -20
-8 13
-30 -1
26 -21
4 10
-20 -2
-10 -16
2 1
-14 30
14 24
2 -6
6 -28
16 -4
-26 21
12 -23
-7 16
-24 -30
15 -12
-6 -11
-22 -22
-19 15
-31 19
31 28
18 -2
31 13
-13 -9
13 29
-10 25
26 5
4 27
12 27
13 -10
5 9
-19 -31
27 -4
-10 4
18 21
13 26
-6 -7
8 -1
-11 19
31 30
11 -4
26 -15
-2 24
13 -26
-19 -20
22 6
26 17
28 -9
-21 30
-11 -30
11 -12
1 0
21 -29
27 -15
29 -12
-27 5
10 -26
-25 2
-15 -27
-23 -11
-21 -22
-27 18
11 -27
-4 -28
-27 31
24 -7
-20 -6
-19 -25
9 3
-28 23
-11 -25
-5 -14
0 7
-14 -6
6 26
29 0
-30 -14
-18 1
-10 21
29 -23
0 -4
-18 23
-25 14
18 -1
17 11
5 -5 27 17 30 23 0 30 -8 30 -27 4
1 -13 25 1 25 12 24 24 5 26 -23 -17
8 -31 -21 -23 30 22 5 31 -18 14 -6 30
14 9 -17 -23 17 20 10 28 -30 -28 -29 14
-28 -17 7 -25 12 -25 22 7 26 21 -29 31
-7 -15 -16 -26 4 31 0 9 -21 -16 -11 4
-4 -30 13 15 6 10 11 18 -3 -6 -4 -29
-16 7 -2 -26 26 -23 27 -29 -2 22 -20 26
-23 2 10 -24 22 -19 23 -13 25 0 -24 21
12 3 -14 -4 8 16 -1 28 -15 20 -20 8
-19 -23 -11 -25 12 -20 27 0 19 6 -17 -17
-26 24 -17 -31 25 11 18 0 -20 25 -8 23
11 -26 -20 -19 29 -30 22 6 -15 29 -31 26
-13 -30 -21 1 8 -23 21 0 -26 21 -16 19
-30 -16 -31 -3 -2 -14 26 7 11 25 -24 14
-12 -16 -20 -4 13 -5 -3 -21 21 10 -28 12
-19 -7 -18 -31 19 -30 30 3 -15 26 16 14
-21 -17 -13 -28 -9 0 -8 -25 -27 -7 -14 24
-28 9 -14 -25 21 -8 4 -22 20 15 -14 28
2 -18 -9 -7 7 -14 0 -2 -18 26 -18 28
-31 22 -20 -14 -13 -26 15 22 -28 23 3 25
6 -31 -17 -20 5 14 0 18 -30 19 -4 19
-25 15 -21 11 12 -15 23 -17 -1 16 20 -4
-24 -15 -26 10 27 -8 0 -28 -13 17 28 -1
-27 30 -24 -18 15 -26 12 -29 30 23 -20 31
18 -1 24 2 5 12 -7 17 -31 -21 -31 0
4 -28 -22 -13 24 -25 30 -10 21 22 0 13
28 -18 -7 -13 26 -3 3 26 -12 23 -12 12
-9 -11 -10 -1 4 -30 29 5 -9 16 8 21
15 -27 -20 -20 22 18 17 -21 16 21 -12 8
23 -5 -12 5 27 21 25 4 15 29 -21 18
-16 -22 -18 -22 31 -3 -6 19 -21 -4 -15 9
22 -22 -8 -8 21 -3 19 1 -5 21 -31 16
-6 -23 23 12 13 24 11 22 -20 -29 -18 -11
-25 -28 -1 -10 0 9 0 -6 -26 9 -13 30
-24 -19 2 -20 0 20 13 14 -29 3 -16 22
-19 -21 -14 -24 19 -10 28 7 -20 -10 13 15
-17 -8 -30 14 21 30 9 10 -28 18 -12 22
-3 -30 -14 -7 25 -21 19 -24 -7 16 14 9
-11 -13 -19 0 19 10 14 -14 -29 22 -14 27
-28 -10 -10 -24 12 -9 23 15 10 26 -25 -1
-29 -14 -31 18 3 -18 -4 -18 -5 27 2 6
-18 1 19 -9 27 -7 22 15 10 29 -25 18
-19 16 2 -12 16 9 27 -25 -20 19 -20 21
-15 -27 -28 -24 21 -10 12 16 -21 2 -13 12
-27 -30 -28 -27 17 -16 12 25 -16 30 -26 0
11 -22 0 -27 13 -14 3 25 -4 4 -3 9
-17 -28 -19 22 5 -24 12 0 -16 24 4 8
-8 -19 2 -22 27 -24 23 -7 -31 -10 -26 24
-18 16 -22 27 18 -12 0 -14 24 -9 -9 21
-29 -23 -21 -21 -6 2 -5 28 -31 -18 -28 17
-26 -22 -31 -13 24 -13 4 -31 24 9 31 -3
10 -10 17 -10 19 29 30 23 -20 23 -12 31
-18 -13 10 -3 3 8 15 10 -30 -9 -27 -3
31 19 27 -12 17 26 -14 18 -30 -21 -30 6
-17 -30 -3 -30 26 -25 27 0 12 30 -31 -2
13 -16 5 -7 15 -16 21 -6 0 27 18 12
-28 -14 -31 -11 11 0 -5 -31 -19 31 7 7
27 -26 -6 -18 -8 29 19 16 -30 -1 -26 19
5 -31 -16 -27 14 27 13 30 -26 28 -30 -23
-26 -28 23 -19 30 -8 17 25 0 31 -31 -10
-6 -23 24 -22 22 -16 26 -21 -27 -10 -9 6
-22 14 -20 0 -8 -13 -15 -8 29 -13 0 8
19 -10 -16 -30 29 6 27 15 -26 -22 15 22
4 -18 -2 26 7 -23 12 -19 15 25 17 17
4 -15 -17 -2 8 -17 8 5 -23 21 -25 13
-17 2 -5 -26 17 -16 31 -6 -19 16 18 17
-15 -13 -3 -26 6 -2 20 -30 -20 -5 -7 17
-21 -23 -27 -24 0 -11 17 15 -10 6 12 26
4 -10 0 -13 19 22 -5 24 -31 -6 -31 -15
13 -4 0 -29 18 25 14 29 -16 -24 5 28
-9 -12 -15 -5 8 2 9 20 6 29 -19 4
-18 -17 -31 -12 -10 -6 -19 26 -22 26 -30 18
-2 -14 -6 6 7 -24 14 -11 14 26 27 31
-23 -27 -5 -31 -1 1 6 -27 -16 -12 -23 -24
-11 0 9 -31 12 -28 24 14 -1 25 -22 21
-31 -22 -24 -28 -19 -28 24 -2 6 3 23 12
15 -18 -10 -25 25 14 27 -6 -27 -28 -8 1
-1 -27 -23 -3 15 -25 4 -29 -3 31 -25 29
10 -12 4 -16 19 19 29 13 -17 -13 10 12
-25 -30 -27 -17 -3 -31 20 -6 -24 31 19 -5
0 -10 30 28 28 28 0 25 -6 20 -22 -24
-25 -12 -20 -26 1 -19 14 -5 -26 20 2 8
0 -18 -28 -5 0 24 6 -17 -23 10 -6 21
29 -21 2 -23 31 14 28 21 -6 -22 17 31
-30 7 -12 -7 20 -22 26 7 25 13 -29 20
25 -5 -16 -27 8 18 22 0 -25 -7 -6 12
-25 -15 7 -27 31 -25 31 24 -3 31 -10 29
-23 -23 -6 -31 30 -23 31 -11 29 -9 -9 -7
-23 -31 13 -15 -3 17 30 18 -28 -24 -17 -3
15 -29 -28 -6 18 12 17 -17 4 25 -18 5
-6 3 11 -24 18 5 21 -8 -6 11 5 18
-30 -5 -25 -27 1 -15 1 -26 -5 23 -22 18
-25 -5 18 -30 8 16 20 0 -16 24 -23 23
-22 -19 -4 -13 29 4 -21 10 -29 -7 -27 2
8 -18 -18 12 21 -20 21 4 2 18 19 10
-7 -29 18 -31 24 -20 30 13 -11 -6 -3 5
-24 -10 -15 -26 -8 16 -1 -31 -29 4 -29 14
-20 -22 26 -18 31 3 26 24 -9 23 -21 -8
-24 4 -1 -26 21 -17 9 -28 30 11 11 12
22 -21 -4 -19 29 -20 24 -6 12 17 -20 4
-23 -20 -21 -25 25 -2 22 -10 25 25 13 20
-18 21 -15 11 15 2 14 -11 -7 24 -16 30
-20 2 -27 8 25 3 24 -4 9 20 -22 25
0 -16 8 -25 10 -25 10 -21 -23 23 -3 7
-23 13 -24 20 -4 -27 25 5 23 15 11 31
8 -11 0 -2 26 -20 19 6 14 16 -28 30
-29 10 -15 -12 -5 -19 31 -14 30 -6 7 12
-8 -20 -25 3 0 6 -3 -25 -18 21 -23 15
-6 -25 -21 -30 0 -14 -12 11 -22 5 -25 -4
-25 -8 13 -26 28 0 27 12 22 25 0 16
4 -24 22 -9 26 7 26 11 -13 -26 12 11
17 -21 -1 -24 -1 20 28 -15 -16 -13 -12 -1
-13 -24 -20 -6 -8 -29 29 2 -13 26 7 24
-11 -23 -10 -29 18 24 14 1 -13 -1 -1 19
8 -1 7 1 21 14 18 -17 8 22 3 19
14 -31 0 -23 15 -6 29 -16 -17 5 -25 1
27 -4 15 -18 15 24 27 14 -29 -22 3 23
-15 -16 11 -7 16 6 16 7 -19 4 -2 27
